Grafo.java,ds.Grafo,org.pitest.mutationtest.engine.gregor.mutators.ConditionalsBoundaryMutator,<init>,14,KILLED,ds.GrafoTest9.testExisteAresta(ds.GrafoTest9)
Grafo.java,ds.Grafo,org.pitest.mutationtest.engine.gregor.mutators.ConditionalsBoundaryMutator,<init>,15,KILLED,ds.GrafoTest9.testExisteAresta(ds.GrafoTest9)
Grafo.java,ds.Grafo,org.pitest.mutationtest.engine.gregor.mutators.IncrementsMutator,<init>,15,KILLED,ds.GrafoTest9.testExisteAresta(ds.GrafoTest9)
Grafo.java,ds.Grafo,org.pitest.mutationtest.engine.gregor.mutators.IncrementsMutator,<init>,14,KILLED,ds.GrafoTest9.testExisteAresta(ds.GrafoTest9)
Grafo.java,ds.Grafo,org.pitest.mutationtest.engine.gregor.mutators.InlineConstantMutator,<init>,10,SURVIVED,none
Grafo.java,ds.Grafo,org.pitest.mutationtest.engine.gregor.mutators.InlineConstantMutator,<init>,11,SURVIVED,none
Grafo.java,ds.Grafo,org.pitest.mutationtest.engine.gregor.mutators.InlineConstantMutator,<init>,11,SURVIVED,none
Grafo.java,ds.Grafo,org.pitest.mutationtest.engine.gregor.mutators.InlineConstantMutator,<init>,12,SURVIVED,none
Grafo.java,ds.Grafo,org.pitest.mutationtest.engine.gregor.mutators.InlineConstantMutator,<init>,13,KILLED,ds.GrafoTest9.testExisteAresta(ds.GrafoTest9)
Grafo.java,ds.Grafo,org.pitest.mutationtest.engine.gregor.mutators.InlineConstantMutator,<init>,14,SURVIVED,none
Grafo.java,ds.Grafo,org.pitest.mutationtest.engine.gregor.mutators.InlineConstantMutator,<init>,15,SURVIVED,none
Grafo.java,ds.Grafo,org.pitest.mutationtest.engine.gregor.mutators.InlineConstantMutator,<init>,15,KILLED,ds.GrafoTest9.testExisteAresta(ds.GrafoTest9)
Grafo.java,ds.Grafo,org.pitest.mutationtest.engine.gregor.mutators.InlineConstantMutator,<init>,16,SURVIVED,none
Grafo.java,ds.Grafo,org.pitest.mutationtest.engine.gregor.mutators.NegateConditionalsMutator,<init>,14,SURVIVED,none
Grafo.java,ds.Grafo,org.pitest.mutationtest.engine.gregor.mutators.NegateConditionalsMutator,<init>,15,SURVIVED,none
Grafo.java,ds.Grafo,org.pitest.mutationtest.engine.gregor.mutators.RemoveConditionalMutator_ORDER_ELSE,<init>,14,SURVIVED,none
Grafo.java,ds.Grafo,org.pitest.mutationtest.engine.gregor.mutators.RemoveConditionalMutator_ORDER_ELSE,<init>,15,SURVIVED,none
Grafo.java,ds.Grafo,org.pitest.mutationtest.engine.gregor.mutators.RemoveConditionalMutator_ORDER_IF,<init>,14,KILLED,ds.GrafoTest9.testExisteAresta(ds.GrafoTest9)
Grafo.java,ds.Grafo,org.pitest.mutationtest.engine.gregor.mutators.RemoveConditionalMutator_ORDER_IF,<init>,15,KILLED,ds.GrafoTest9.testExisteAresta(ds.GrafoTest9)
Grafo.java,ds.Grafo,org.pitest.mutationtest.engine.gregor.mutators.experimental.MemberVariableMutator,<init>,11,KILLED,ds.GrafoTest9.testExisteAresta(ds.GrafoTest9)
Grafo.java,ds.Grafo,org.pitest.mutationtest.engine.gregor.mutators.experimental.MemberVariableMutator,<init>,12,KILLED,ds.GrafoTest9.testExisteAresta(ds.GrafoTest9)
Grafo.java,ds.Grafo,org.pitest.mutationtest.engine.gregor.mutators.experimental.MemberVariableMutator,<init>,13,KILLED,ds.GrafoTest9.testProxAdj(ds.GrafoTest9)
Grafo.java,ds.Grafo,org.pitest.mutationtest.engine.gregor.mutators.experimental.RemoveIncrementsMutator,<init>,14,KILLED,ds.GrafoTest9.testExisteAresta(ds.GrafoTest9)
Grafo.java,ds.Grafo,org.pitest.mutationtest.engine.gregor.mutators.BooleanFalseReturnValsMutator,existeAresta,24,KILLED,ds.GrafoTest9.testExisteAresta(ds.GrafoTest9)
Grafo.java,ds.Grafo,org.pitest.mutationtest.engine.gregor.mutators.BooleanTrueReturnValsMutator,existeAresta,24,KILLED,ds.GrafoTest9.testExisteAresta(ds.GrafoTest9)
Grafo.java,ds.Grafo,org.pitest.mutationtest.engine.gregor.mutators.ConditionalsBoundaryMutator,existeAresta,24,KILLED,ds.GrafoTest9.testExisteAresta(ds.GrafoTest9)
Grafo.java,ds.Grafo,org.pitest.mutationtest.engine.gregor.mutators.InlineConstantMutator,existeAresta,24,KILLED,ds.GrafoTest9.testExisteAresta(ds.GrafoTest9)
Grafo.java,ds.Grafo,org.pitest.mutationtest.engine.gregor.mutators.InlineConstantMutator,existeAresta,24,KILLED,ds.GrafoTest9.testExisteAresta(ds.GrafoTest9)
Grafo.java,ds.Grafo,org.pitest.mutationtest.engine.gregor.mutators.NegateConditionalsMutator,existeAresta,24,KILLED,ds.GrafoTest9.testExisteAresta(ds.GrafoTest9)
Grafo.java,ds.Grafo,org.pitest.mutationtest.engine.gregor.mutators.RemoveConditionalMutator_ORDER_ELSE,existeAresta,24,KILLED,ds.GrafoTest9.testExisteAresta(ds.GrafoTest9)
Grafo.java,ds.Grafo,org.pitest.mutationtest.engine.gregor.mutators.RemoveConditionalMutator_ORDER_IF,existeAresta,24,KILLED,ds.GrafoTest9.testExisteAresta(ds.GrafoTest9)
Grafo.java,ds.Grafo,org.pitest.mutationtest.engine.gregor.mutators.ReturnValsMutator,existeAresta,24,KILLED,ds.GrafoTest9.testExisteAresta(ds.GrafoTest9)
Grafo.java,ds.Grafo,org.pitest.mutationtest.engine.gregor.mutators.ConditionalsBoundaryMutator,grafoTransposto,63,KILLED,ds.GrafoTest9.testGrafoTransposto(ds.GrafoTest9)
Grafo.java,ds.Grafo,org.pitest.mutationtest.engine.gregor.mutators.ConstructorCallMutator,grafoTransposto,62,KILLED,ds.GrafoTest9.testGrafoTransposto(ds.GrafoTest9)
Grafo.java,ds.Grafo,org.pitest.mutationtest.engine.gregor.mutators.IncrementsMutator,grafoTransposto,63,KILLED,ds.GrafoTest9.testGrafoTransposto(ds.GrafoTest9)
Grafo.java,ds.Grafo,org.pitest.mutationtest.engine.gregor.mutators.InlineConstantMutator,grafoTransposto,63,SURVIVED,none
Grafo.java,ds.Grafo,org.pitest.mutationtest.engine.gregor.mutators.NegateConditionalsMutator,grafoTransposto,63,SURVIVED,none
Grafo.java,ds.Grafo,org.pitest.mutationtest.engine.gregor.mutators.NegateConditionalsMutator,grafoTransposto,64,SURVIVED,none
Grafo.java,ds.Grafo,org.pitest.mutationtest.engine.gregor.mutators.NegateConditionalsMutator,grafoTransposto,66,NO_COVERAGE,none
Grafo.java,ds.Grafo,org.pitest.mutationtest.engine.gregor.mutators.NonVoidMethodCallMutator,grafoTransposto,64,SURVIVED,none
Grafo.java,ds.Grafo,org.pitest.mutationtest.engine.gregor.mutators.NonVoidMethodCallMutator,grafoTransposto,65,NO_COVERAGE,none
Grafo.java,ds.Grafo,org.pitest.mutationtest.engine.gregor.mutators.NonVoidMethodCallMutator,grafoTransposto,67,NO_COVERAGE,none
Grafo.java,ds.Grafo,org.pitest.mutationtest.engine.gregor.mutators.NonVoidMethodCallMutator,grafoTransposto,67,NO_COVERAGE,none
Grafo.java,ds.Grafo,org.pitest.mutationtest.engine.gregor.mutators.NonVoidMethodCallMutator,grafoTransposto,67,NO_COVERAGE,none
Grafo.java,ds.Grafo,org.pitest.mutationtest.engine.gregor.mutators.NonVoidMethodCallMutator,grafoTransposto,68,NO_COVERAGE,none
Grafo.java,ds.Grafo,org.pitest.mutationtest.engine.gregor.mutators.NullReturnValsMutator,grafoTransposto,71,KILLED,ds.GrafoTest9.testGrafoTransposto(ds.GrafoTest9)
Grafo.java,ds.Grafo,org.pitest.mutationtest.engine.gregor.mutators.RemoveConditionalMutator_EQUAL_ELSE,grafoTransposto,64,SURVIVED,none
Grafo.java,ds.Grafo,org.pitest.mutationtest.engine.gregor.mutators.RemoveConditionalMutator_EQUAL_ELSE,grafoTransposto,66,NO_COVERAGE,none
Grafo.java,ds.Grafo,org.pitest.mutationtest.engine.gregor.mutators.RemoveConditionalMutator_EQUAL_IF,grafoTransposto,64,SURVIVED,none
Grafo.java,ds.Grafo,org.pitest.mutationtest.engine.gregor.mutators.RemoveConditionalMutator_EQUAL_IF,grafoTransposto,66,NO_COVERAGE,none
Grafo.java,ds.Grafo,org.pitest.mutationtest.engine.gregor.mutators.RemoveConditionalMutator_ORDER_ELSE,grafoTransposto,63,SURVIVED,none
Grafo.java,ds.Grafo,org.pitest.mutationtest.engine.gregor.mutators.RemoveConditionalMutator_ORDER_IF,grafoTransposto,63,KILLED,ds.GrafoTest9.testGrafoTransposto(ds.GrafoTest9)
Grafo.java,ds.Grafo,org.pitest.mutationtest.engine.gregor.mutators.ReturnValsMutator,grafoTransposto,71,KILLED,ds.GrafoTest9.testGrafoTransposto(ds.GrafoTest9)
Grafo.java,ds.Grafo,org.pitest.mutationtest.engine.gregor.mutators.VoidMethodCallMutator,grafoTransposto,67,NO_COVERAGE,none
Grafo.java,ds.Grafo,org.pitest.mutationtest.engine.gregor.mutators.ConditionalsBoundaryMutator,imprime,50,SURVIVED,none
Grafo.java,ds.Grafo,org.pitest.mutationtest.engine.gregor.mutators.ConditionalsBoundaryMutator,imprime,53,KILLED,ds.GrafoTest9.testImprime(ds.GrafoTest9)
Grafo.java,ds.Grafo,org.pitest.mutationtest.engine.gregor.mutators.ConditionalsBoundaryMutator,imprime,55,KILLED,ds.GrafoTest9.testImprime(ds.GrafoTest9)
Grafo.java,ds.Grafo,org.pitest.mutationtest.engine.gregor.mutators.ConstructorCallMutator,imprime,51,KILLED,ds.GrafoTest9.testImprime(ds.GrafoTest9)
Grafo.java,ds.Grafo,org.pitest.mutationtest.engine.gregor.mutators.ConstructorCallMutator,imprime,54,KILLED,ds.GrafoTest9.testImprime(ds.GrafoTest9)
Grafo.java,ds.Grafo,org.pitest.mutationtest.engine.gregor.mutators.ConstructorCallMutator,imprime,56,KILLED,ds.GrafoTest9.testImprime(ds.GrafoTest9)
Grafo.java,ds.Grafo,org.pitest.mutationtest.engine.gregor.mutators.IncrementsMutator,imprime,50,KILLED,ds.GrafoTest9.testImprime(ds.GrafoTest9)
Grafo.java,ds.Grafo,org.pitest.mutationtest.engine.gregor.mutators.IncrementsMutator,imprime,55,KILLED,ds.GrafoTest9.testImprime(ds.GrafoTest9)
Grafo.java,ds.Grafo,org.pitest.mutationtest.engine.gregor.mutators.IncrementsMutator,imprime,53,KILLED,ds.GrafoTest9.testImprime(ds.GrafoTest9)
Grafo.java,ds.Grafo,org.pitest.mutationtest.engine.gregor.mutators.InlineConstantMutator,imprime,50,SURVIVED,none
Grafo.java,ds.Grafo,org.pitest.mutationtest.engine.gregor.mutators.InlineConstantMutator,imprime,53,SURVIVED,none
Grafo.java,ds.Grafo,org.pitest.mutationtest.engine.gregor.mutators.InlineConstantMutator,imprime,55,SURVIVED,none
Grafo.java,ds.Grafo,org.pitest.mutationtest.engine.gregor.mutators.NegateConditionalsMutator,imprime,50,SURVIVED,none
Grafo.java,ds.Grafo,org.pitest.mutationtest.engine.gregor.mutators.NegateConditionalsMutator,imprime,53,SURVIVED,none
Grafo.java,ds.Grafo,org.pitest.mutationtest.engine.gregor.mutators.NegateConditionalsMutator,imprime,55,SURVIVED,none
Grafo.java,ds.Grafo,org.pitest.mutationtest.engine.gregor.mutators.NonVoidMethodCallMutator,imprime,51,KILLED,ds.GrafoTest9.testImprime(ds.GrafoTest9)
Grafo.java,ds.Grafo,org.pitest.mutationtest.engine.gregor.mutators.NonVoidMethodCallMutator,imprime,51,KILLED,ds.GrafoTest9.testImprime(ds.GrafoTest9)
Grafo.java,ds.Grafo,org.pitest.mutationtest.engine.gregor.mutators.NonVoidMethodCallMutator,imprime,51,SURVIVED,none
Grafo.java,ds.Grafo,org.pitest.mutationtest.engine.gregor.mutators.NonVoidMethodCallMutator,imprime,54,KILLED,ds.GrafoTest9.testImprime(ds.GrafoTest9)
Grafo.java,ds.Grafo,org.pitest.mutationtest.engine.gregor.mutators.NonVoidMethodCallMutator,imprime,54,KILLED,ds.GrafoTest9.testImprime(ds.GrafoTest9)
Grafo.java,ds.Grafo,org.pitest.mutationtest.engine.gregor.mutators.NonVoidMethodCallMutator,imprime,54,SURVIVED,none
Grafo.java,ds.Grafo,org.pitest.mutationtest.engine.gregor.mutators.NonVoidMethodCallMutator,imprime,56,KILLED,ds.GrafoTest9.testImprime(ds.GrafoTest9)
Grafo.java,ds.Grafo,org.pitest.mutationtest.engine.gregor.mutators.NonVoidMethodCallMutator,imprime,56,KILLED,ds.GrafoTest9.testImprime(ds.GrafoTest9)
Grafo.java,ds.Grafo,org.pitest.mutationtest.engine.gregor.mutators.NonVoidMethodCallMutator,imprime,56,SURVIVED,none
Grafo.java,ds.Grafo,org.pitest.mutationtest.engine.gregor.mutators.RemoveConditionalMutator_ORDER_ELSE,imprime,50,SURVIVED,none
Grafo.java,ds.Grafo,org.pitest.mutationtest.engine.gregor.mutators.RemoveConditionalMutator_ORDER_ELSE,imprime,53,SURVIVED,none
Grafo.java,ds.Grafo,org.pitest.mutationtest.engine.gregor.mutators.RemoveConditionalMutator_ORDER_ELSE,imprime,55,SURVIVED,none
Grafo.java,ds.Grafo,org.pitest.mutationtest.engine.gregor.mutators.RemoveConditionalMutator_ORDER_IF,imprime,50,KILLED,ds.GrafoTest9.testImprime(ds.GrafoTest9)
Grafo.java,ds.Grafo,org.pitest.mutationtest.engine.gregor.mutators.RemoveConditionalMutator_ORDER_IF,imprime,53,KILLED,ds.GrafoTest9.testImprime(ds.GrafoTest9)
Grafo.java,ds.Grafo,org.pitest.mutationtest.engine.gregor.mutators.RemoveConditionalMutator_ORDER_IF,imprime,55,KILLED,ds.GrafoTest9.testImprime(ds.GrafoTest9)
Grafo.java,ds.Grafo,org.pitest.mutationtest.engine.gregor.mutators.VoidMethodCallMutator,imprime,49,SURVIVED,none
Grafo.java,ds.Grafo,org.pitest.mutationtest.engine.gregor.mutators.VoidMethodCallMutator,imprime,51,SURVIVED,none
Grafo.java,ds.Grafo,org.pitest.mutationtest.engine.gregor.mutators.VoidMethodCallMutator,imprime,52,SURVIVED,none
Grafo.java,ds.Grafo,org.pitest.mutationtest.engine.gregor.mutators.VoidMethodCallMutator,imprime,54,SURVIVED,none
Grafo.java,ds.Grafo,org.pitest.mutationtest.engine.gregor.mutators.VoidMethodCallMutator,imprime,56,SURVIVED,none
Grafo.java,ds.Grafo,org.pitest.mutationtest.engine.gregor.mutators.VoidMethodCallMutator,imprime,57,SURVIVED,none
Grafo.java,ds.Grafo,org.pitest.mutationtest.engine.gregor.mutators.experimental.NakedReceiverMutator,imprime,51,SURVIVED,none
Grafo.java,ds.Grafo,org.pitest.mutationtest.engine.gregor.mutators.experimental.NakedReceiverMutator,imprime,51,SURVIVED,none
Grafo.java,ds.Grafo,org.pitest.mutationtest.engine.gregor.mutators.experimental.NakedReceiverMutator,imprime,54,SURVIVED,none
Grafo.java,ds.Grafo,org.pitest.mutationtest.engine.gregor.mutators.experimental.NakedReceiverMutator,imprime,54,SURVIVED,none
Grafo.java,ds.Grafo,org.pitest.mutationtest.engine.gregor.mutators.experimental.NakedReceiverMutator,imprime,56,SURVIVED,none
Grafo.java,ds.Grafo,org.pitest.mutationtest.engine.gregor.mutators.experimental.NakedReceiverMutator,imprime,56,SURVIVED,none
Grafo.java,ds.Grafo,org.pitest.mutationtest.engine.gregor.mutators.experimental.RemoveIncrementsMutator,imprime,53,KILLED,ds.GrafoTest9.testImprime(ds.GrafoTest9)
Grafo.java,ds.Grafo,org.pitest.mutationtest.engine.gregor.mutators.BooleanFalseReturnValsMutator,listaAdjVazia,29,KILLED,ds.GrafoTest9.testListaAdjVazia(ds.GrafoTest9)
Grafo.java,ds.Grafo,org.pitest.mutationtest.engine.gregor.mutators.BooleanTrueReturnValsMutator,listaAdjVazia,28,SURVIVED,none
Grafo.java,ds.Grafo,org.pitest.mutationtest.engine.gregor.mutators.ConditionalsBoundaryMutator,listaAdjVazia,27,KILLED,ds.GrafoTest9.testGrafoTransposto(ds.GrafoTest9)
Grafo.java,ds.Grafo,org.pitest.mutationtest.engine.gregor.mutators.ConditionalsBoundaryMutator,listaAdjVazia,28,KILLED,ds.GrafoTest9.testListaAdjVazia(ds.GrafoTest9)
Grafo.java,ds.Grafo,org.pitest.mutationtest.engine.gregor.mutators.IncrementsMutator,listaAdjVazia,27,KILLED,ds.GrafoTest9.testGrafoTransposto(ds.GrafoTest9)
Grafo.java,ds.Grafo,org.pitest.mutationtest.engine.gregor.mutators.InlineConstantMutator,listaAdjVazia,27,SURVIVED,none
Grafo.java,ds.Grafo,org.pitest.mutationtest.engine.gregor.mutators.InlineConstantMutator,listaAdjVazia,28,SURVIVED,none
Grafo.java,ds.Grafo,org.pitest.mutationtest.engine.gregor.mutators.InlineConstantMutator,listaAdjVazia,29,KILLED,ds.GrafoTest9.testListaAdjVazia(ds.GrafoTest9)
Grafo.java,ds.Grafo,org.pitest.mutationtest.engine.gregor.mutators.NegateConditionalsMutator,listaAdjVazia,27,SURVIVED,none
Grafo.java,ds.Grafo,org.pitest.mutationtest.engine.gregor.mutators.NegateConditionalsMutator,listaAdjVazia,28,KILLED,ds.GrafoTest9.testListaAdjVazia(ds.GrafoTest9)
Grafo.java,ds.Grafo,org.pitest.mutationtest.engine.gregor.mutators.RemoveConditionalMutator_ORDER_ELSE,listaAdjVazia,27,SURVIVED,none
Grafo.java,ds.Grafo,org.pitest.mutationtest.engine.gregor.mutators.RemoveConditionalMutator_ORDER_ELSE,listaAdjVazia,28,SURVIVED,none
Grafo.java,ds.Grafo,org.pitest.mutationtest.engine.gregor.mutators.RemoveConditionalMutator_ORDER_IF,listaAdjVazia,27,KILLED,ds.GrafoTest9.testGrafoTransposto(ds.GrafoTest9)
Grafo.java,ds.Grafo,org.pitest.mutationtest.engine.gregor.mutators.RemoveConditionalMutator_ORDER_IF,listaAdjVazia,28,KILLED,ds.GrafoTest9.testListaAdjVazia(ds.GrafoTest9)
Grafo.java,ds.Grafo,org.pitest.mutationtest.engine.gregor.mutators.ReturnValsMutator,listaAdjVazia,28,SURVIVED,none
Grafo.java,ds.Grafo,org.pitest.mutationtest.engine.gregor.mutators.ReturnValsMutator,listaAdjVazia,29,KILLED,ds.GrafoTest9.testListaAdjVazia(ds.GrafoTest9)
Grafo.java,ds.Grafo,org.pitest.mutationtest.engine.gregor.mutators.InlineConstantMutator,primeiroListaAdj,32,SURVIVED,none
Grafo.java,ds.Grafo,org.pitest.mutationtest.engine.gregor.mutators.NonVoidMethodCallMutator,primeiroListaAdj,32,SURVIVED,none
Grafo.java,ds.Grafo,org.pitest.mutationtest.engine.gregor.mutators.NullReturnValsMutator,primeiroListaAdj,32,SURVIVED,none
Grafo.java,ds.Grafo,org.pitest.mutationtest.engine.gregor.mutators.ReturnValsMutator,primeiroListaAdj,32,KILLED,ds.GrafoTest9.testPrimeiroListaAdj(ds.GrafoTest9)
Grafo.java,ds.Grafo,org.pitest.mutationtest.engine.gregor.mutators.ConditionalsBoundaryMutator,proxAdj,36,KILLED,ds.GrafoTest9.testProxAdj(ds.GrafoTest9)
Grafo.java,ds.Grafo,org.pitest.mutationtest.engine.gregor.mutators.ConstructorCallMutator,proxAdj,39,NO_COVERAGE,none
Grafo.java,ds.Grafo,org.pitest.mutationtest.engine.gregor.mutators.InlineConstantMutator,proxAdj,35,KILLED,ds.GrafoTest9.testProxAdj(ds.GrafoTest9)
Grafo.java,ds.Grafo,org.pitest.mutationtest.engine.gregor.mutators.InlineConstantMutator,proxAdj,37,KILLED,ds.GrafoTest9.testProxAdj(ds.GrafoTest9)
Grafo.java,ds.Grafo,org.pitest.mutationtest.engine.gregor.mutators.MathMutator,proxAdj,35,KILLED,ds.GrafoTest9.testProxAdj(ds.GrafoTest9)
Grafo.java,ds.Grafo,org.pitest.mutationtest.engine.gregor.mutators.MathMutator,proxAdj,37,KILLED,ds.GrafoTest9.testProxAdj(ds.GrafoTest9)
Grafo.java,ds.Grafo,org.pitest.mutationtest.engine.gregor.mutators.NegateConditionalsMutator,proxAdj,36,KILLED,ds.GrafoTest9.testProxAdj(ds.GrafoTest9)
Grafo.java,ds.Grafo,org.pitest.mutationtest.engine.gregor.mutators.NegateConditionalsMutator,proxAdj,36,KILLED,ds.GrafoTest9.testProxAdj(ds.GrafoTest9)
Grafo.java,ds.Grafo,org.pitest.mutationtest.engine.gregor.mutators.NegateConditionalsMutator,proxAdj,38,KILLED,ds.GrafoTest9.testProxAdj(ds.GrafoTest9)
Grafo.java,ds.Grafo,org.pitest.mutationtest.engine.gregor.mutators.NullReturnValsMutator,proxAdj,39,NO_COVERAGE,none
Grafo.java,ds.Grafo,org.pitest.mutationtest.engine.gregor.mutators.RemoveConditionalMutator_EQUAL_ELSE,proxAdj,36,KILLED,ds.GrafoTest9.testProxAdj(ds.GrafoTest9)
Grafo.java,ds.Grafo,org.pitest.mutationtest.engine.gregor.mutators.RemoveConditionalMutator_EQUAL_ELSE,proxAdj,38,KILLED,ds.GrafoTest9.testProxAdj(ds.GrafoTest9)
Grafo.java,ds.Grafo,org.pitest.mutationtest.engine.gregor.mutators.RemoveConditionalMutator_EQUAL_IF,proxAdj,36,SURVIVED,none
Grafo.java,ds.Grafo,org.pitest.mutationtest.engine.gregor.mutators.RemoveConditionalMutator_EQUAL_IF,proxAdj,38,SURVIVED,none
Grafo.java,ds.Grafo,org.pitest.mutationtest.engine.gregor.mutators.RemoveConditionalMutator_ORDER_ELSE,proxAdj,36,KILLED,ds.GrafoTest9.testProxAdj(ds.GrafoTest9)
Grafo.java,ds.Grafo,org.pitest.mutationtest.engine.gregor.mutators.RemoveConditionalMutator_ORDER_IF,proxAdj,36,KILLED,ds.GrafoTest9.testProxAdj(ds.GrafoTest9)
Grafo.java,ds.Grafo,org.pitest.mutationtest.engine.gregor.mutators.ReturnValsMutator,proxAdj,38,KILLED,ds.GrafoTest9.testProxAdj(ds.GrafoTest9)
Grafo.java,ds.Grafo,org.pitest.mutationtest.engine.gregor.mutators.ReturnValsMutator,proxAdj,39,NO_COVERAGE,none
Grafo.java,ds.Grafo,org.pitest.mutationtest.engine.gregor.mutators.ConstructorCallMutator,retiraAresta,44,KILLED,ds.GrafoTest9.testRetiraAresta(ds.GrafoTest9)
Grafo.java,ds.Grafo,org.pitest.mutationtest.engine.gregor.mutators.InlineConstantMutator,retiraAresta,45,SURVIVED,none
Grafo.java,ds.Grafo,org.pitest.mutationtest.engine.gregor.mutators.NegateConditionalsMutator,retiraAresta,42,KILLED,ds.GrafoTest9.testRetiraAresta(ds.GrafoTest9)
Grafo.java,ds.Grafo,org.pitest.mutationtest.engine.gregor.mutators.NullReturnValsMutator,retiraAresta,45,KILLED,ds.GrafoTest9.testRetiraAresta(ds.GrafoTest9)
Grafo.java,ds.Grafo,org.pitest.mutationtest.engine.gregor.mutators.RemoveConditionalMutator_EQUAL_ELSE,retiraAresta,42,SURVIVED,none
Grafo.java,ds.Grafo,org.pitest.mutationtest.engine.gregor.mutators.RemoveConditionalMutator_EQUAL_IF,retiraAresta,42,KILLED,ds.GrafoTest9.testRetiraAresta(ds.GrafoTest9)
Grafo.java,ds.Grafo,org.pitest.mutationtest.engine.gregor.mutators.ReturnValsMutator,retiraAresta,42,SURVIVED,none
Grafo.java,ds.Grafo,org.pitest.mutationtest.engine.gregor.mutators.ReturnValsMutator,retiraAresta,45,KILLED,ds.GrafoTest9.testRetiraAresta(ds.GrafoTest9)
